[pychron.experiment]
success_color = (0.000000, 1.000000, 0.000000, 1.000000)
extraction_color = (1.000000, 1.000000, 1.000000, 1.000000)
measurement_color = (1.000000, 1.000000, 1.000000, 1.000000)
canceled_color = (1.000000, 0.000000, 0.000000, 1.000000)
truncated_color = (1.000000, 1.000000, 1.000000, 1.000000)
failed_color = (1.000000, 1.000000, 1.000000, 1.000000)
end_after_color = (0.900000, 0.900000, 0.900000, 1.000000)
invalid_color = (1.000000, 0.000000, 0.000000, 1.000000)
